131705
132600
166200
265000
166710
166900
101900
200610
135100
168600
267500
136800
104200
104300
203290
105200
203780
269600
172700
271700
108300
600274
600625
600666
600807
600919
600969
601003
601005
601386
601462
601626
601665
175780
601887
143470
143890
144010
176807
602875
603075
209880
243310
604129
604290
604370
604864
113620
605280
605714
179800
605809
147060
114550
607371
181500
607523
607822
607932
608643
608805
608931
609140
609242
609283
609508
609706
609812
151210
610154
184250
610353
185020
611590
611773
611788
611881
612098
612158
612201
612233
612653
612874
613490
154780
613694
253290
613834
122400
187950
155255
614156
614284
614300
254090
614559
614583
614653
254210
614674
614856
132000
166220
112600
614575
254450
156550
615574
255310
615978
616140
616249
158810
618129
100100
167000
266100
103780
235200
601553
602668
209950
604093
604841
608970
183900
609924
610251
220100
613493
613495
614524
188580
615193
615425
615431
615952
255600
616247
616295
616314
616324
616471
616907
617047
617062
617402
191800
617854
618330
618343
226650
161800
228520
131750
131850
132450
166210
167870
267430
104310
170400
139300
141200
600204
600263
600513
601868
143200
241600
145500
604717
114000
180000
114500
606843
148370
608930
609162
609241
150600
609524
610127
611938
612300
612631
612794
613118
613227
613424
613501
613737
253600
614055
155310
614065
614135
614483
614723
188890
614896
614916
615075
615120
156500
615418
615474
615511
615558
615686
124200
615745
615751
615779
615809
615923
615969
615970
616051
255700
616231
616255
616289
616291
616313
616321
616322
616323
616411
616457
616583
616737
616852
616968
617184
125800
617572
617711
617717
617798
617821
617877
617883
618095
618174
618185
618265
618426
225280
225320
160800
226600
259420
130000
130010
130050
130060
102480
112100
618654
618655
617749
614042
615999
616000
619151
613014
611895
609027
612624
614519
618463
614028
617347
611771
610424
607948
110450
613546
618901
619091
619092
110500
601551
601550
112010
112050
611162
111380
109560
109565
607276
618591
617970
616060
616093
618983
616089
618728
614320
618850
612580
618929
618920
618782
611875
618447
618773
613065
618057
618732
612271
614097
604356
613743
612052
605375
619120
618564
614134
619115
618533
603932
606963
616470
164200
263750
264070
133100
231680
100800
101600
233300
168500
201750
202400
104100
235400
268220
203400
105120
204870
140300
108770
273300
601042
601419
601544
601547
241550
602089
143880
276300
276400
604307
145900
146000
146255
211800
277450
211980
605253
605594
245570
606159
606176
180300
278730
278760
278780
147950
606798
606812
148350
115700
181400
148700
116100
607655
607678
607681
607748
214700
149200
608180
215150
608885
608940
609535
150800
609741
609814
610015
610476
610542
610600
610651
610756
184840
184900
611092
152700
611489
218400
186100
612126
612247
153550
219150
612567
612740
612908
612925
613060
613068
613135
187300
154700
187600
187601
613763
613779
613789
613790
613793
613818
613839
613869
614049
614116
614164
614172
614185
122700
614254
614391
123150
614699
614782
614847
133239
267750
602485
277580
146700
608328
250220
615722
615749
615821
615962
124500
616100
616357
616461
125420
617525
126700
162800
102370
203450
600155
601162
601675
601885
143465
602849
604219
114480
606762
606777
148210
610193
610758
613225
613652
613712
613970
614380
614480
615059
123700
615465
615706
190300
157600
616367
616482
616538
616720
125490
617017
158320
125853
617907
618339
618396
618400
618475
261500
229070
166250
168550
202700
600309
600501
600881
600886
109800
601859
601894
602079
602540
603041
112410
604121
604757
604931
605676
607091
607450
608115
149730
608810
608902
609048
609306
609638
610048
184255
610245
610474
610965
185500
611804
153100
612004
612798
612922
612932
612956
613001
613163
613265
220290
188050
614038
615184
615188
615272
615363
615453
615508
615517
615604
615744
615897
615938
222730
157300
616069
616139
616281
616342
616390
616421
190440
616570
616586
616603
616839
616914
617018
125500
617113
617153
617174
256810
125851
617526
617542
617820
617864
617911
617951
257850
618328
618412
226300
193900
259440
259600
227810
129600
162900
618880
609310
613073
613783
614379
609536
610927
614374
607486
611378
615591
613825
610425
613756
612160
619071
618891
619060
619059
609755
601388
614546
619073
613571
619051
614395
609423
125264
612877
604765
616311
619218
611718
612623
608446
610698
615091
612219
615232
616004
604308
603956
605803
618780
613852
618881
618559
618557
608030
611136
610842
619074
612269
137181
614286
618721
614419
618917
618660
619121
262190
262400
262650
131760
131800
131900
131960
263300
165800
166350
167200
167210
200100
266300
266600
103470
103500
103580
137215
137580
203200
137800
203650
105400
171300
106600
270450
238320
271400
173100
108010
206700
600962
601001
142330
601399
601559
601977
176305
176410
176450
602483
603622
177650
112250
177900
178110
113200
145981
113300
146110
605130
605285
113800
212112
605432
605552
605588
605637
147050
179850
212750
180105
606367
246200
606658
115200
148000
213600
181000
607095
607174
181430
607677
607791
607855
608232
608265
608354
608358
608709
608747
608758
215600
182940
609015
609049
609968
151660
612109
186300
612356
612462
612463
612852
219700
612924
612933
613148
613205
613426
613688
613837
155100
613977
614025
614033
614102
614181
614250
614504
614521
614706
614814
614841
614931
169500
140700
601495
604498
608751
250460
250940
614372
615191
615750
616389
617014
617460
618226
618436
161000
226730
260540
132900
174000
600496
174800
602471
144200
146590
181350
214450
610444
184500
152950
615010
222100
616280
616516
616540
616647
616977
617024
224500
126200
618138
618469
192605
127400
192950
231200
104530
235700
106300
140000
141749
600880
240600
601104
601634
601942
602025
602579
176670
275210
603233
603903
604117
245150
180800
607485
607602
607736
149400
608361
248370
117360
608971
609165
118200
610140
250250
611556
186000
219050
219080
612692
612813
613000
613116
613251
613254
613500
614335
614370
614619
614744
614889
614890
614915
615073
615274
615277
615361
615438
615473
189500
615486
255160
615707
615758
615785
615960
615980
616126
616221
255800
256030
616489
616625
616680
616941
616973
158300
125595
617168
617280
617306
617339
617493
617537
224410
618155
618184
618225
618309
618406
618414
618451
618495
192600
225400
160500
193510
193700
226700
228300
615561
615489
612781
618157
605462
617686
607654
613856
614081
614034
618982
617981
613978
604131
617973
617980
617971
603902
613985
612520
144700
618547
603013
608579
601536
608874
610092
610093
610713
617995
612634
618598
613850
618963
609135
609532
618648
613659
613657
610549
604302
607154
612628
618999
615953
614752
614689
618944
615728
618767
609352
615726
614128
619179
614199
619180
151440
612797
609620
618807
610988
607507
614266
618959
613098
613099
618774
618918
611928
614456
618915
618975
614090
614089
613252
608837
618524
131440
164280
233650
200950
169150
136880
268150
137440
137550
105210
269840
269880
172800
600002
174050
600072
207410
174700
600955
273395
601214
240900
142623
601457
175700
241500
602347
602501
176920
603218
603553
603554
112240
178500
604571
146200
277400
605259
605361
605543
245300
606070
115150
606688
606764
607278
607459
607475
607684
607685
607944
608133
608161
608189
182212
608654
609734
151100
610202
249900
610612
610913
185000
611022
611521
611528
611553
611721
611722
120330
218700
612132
612227
612240
612336
612447
612591
613038
613092
613224
613329
613382
613470
613582
613662
613707
613750
613794
613874
613877
155240
614023
155500
155600
188470
614508
614514
614592
614753
614839
614961
615007
101200
265120
167800
202650
204100
601088
208000
208550
182000
249400
613179
613370
615555
616002
616176
616187
163950
101400
600803
273800
241510
602535
604625
146300
607734
608404
613454
613563
613695
613801
614390
155950
123400
614921
614962
614972
156250
615083
615147
156400
615233
123790
615559
615560
615849
615916
616001
616005
616214
616278
616576
616592
616738
616924
617244
617641
617882
618279
618284
618354
618476
160120
193300
163500
168601
203700
171400
174200
174400
601367
175510
601812
145680
146510
180700
115430
607785
116600
215045
217090
610706
610829
612347
612918
612940
613027
613089
613095
613105
613312
613453
154800
613679
613706
613731
187800
614401
614470
614840
614866
614867
254500
123500
221820
615139
615214
615220
615228
615381
615424
615426
615436
615522
615524
615554
615577
189800
615816
615919
616045
190330
616366
157640
616428
256040
616705
125350
617006
125852
617591
617780
618123
618176
618287
618336
618511
258450
127750
193670
162300
228550
163200
261750
612362
613100
604715
612376
615109
611554
618681
615221
605074
619075
618727
618578
615545
612225
612633
619226
605027
120080
612244
615108
609909
613982
612348
610938
614808
618858
610539
618877
615279
619175
614024
619143
609579
619087
617936
612690
614111
614438
609889
613810
618697
607476
610445
131300
164230
231095
132800
133180
233100
266140
300048
267300
300244
300260
300321
300352
300489
300496
300554
300673
136900
104290
137920
237900
270970
304120
271665
107970
600060
206900
108600
600268
600334
108985
600627
109730
601317
601338
601518
601680
601709
601816
274300
602088
143500
274700
602481
242300
275100
209900
308990
145250
309350
145600
145650
604403
309541
276900
604772
605355
310468
605407
605899
606054
311300
115195
115196
115210
115310
607014
607208
607341
607598
312870
116300
607936
608106
117000
608611
608957
248600
117650
609192
609284
609285
314400
609634
610168
151623
610377
610460
610489
610984
119580
611878
612119
612423
612527
612703
612923
612926
612965
613011
613375
613388
613477
613496
613721
613724
613752
613765
613933
614037
614450
614742
614750
614816
614820
101800
304150
108120
142680
312750
608093
611705
613690
613957
613989
614009
615607
615629
616028
616697
616754
616943
125700
617721
617935
618049
618546
300009
209300
309400
246900
609560
613243
614338
615158
615160
615387
615400
615412
615483
615582
615615
616208
616684
616963
158310
224050
618175
618314
618506
135300
300049
300055
202300
300855
302500
305620
600996
601494
175900
176270
603689
309800
113970
606785
606824
607015
607016
607745
608807
609942
610163
610733
218040
611880
218800
612286
612422
612528
612716
612964
613217
613255
220110
188570
614740
615122
615182
615226
156610
615439
615491
615512
615617
255320
615771
615774
255960
616507
616541
616649
616740
616744
616868
616937
617069
617140
256800
617252
617443
617480
617602
617633
617712
617802
617938
618036
618165
618197
618213
618218
618323
618353
258100
160980
128235
259500
162000
260350
260500
260920
130600
613411
180385
618603
613758
612542
606788
608516
607834
618924
618912
617948
618156
611664
614466
619016
619224
606864
613244
618760
186960
186921
186860
613949
615134
614486
608175
618573
604145
613270
609141
615278
607907
614331
619220
611879
613286
606690
607107
614810
619165
618775
602491
613643
618744
608089
603933
612371
611407
612446
610102
612416
300018
300071
300088
300100
300143
300148
300200
300209
300232
300238
300243
300261
300280
300299
300354
300373
300376
300419
300423
300424
300434
300472
300475
300476
300486
300494
300500
300511
300555
300590
300604
300614
300635
300659
300672
300696
300707
300749
300755
300758
300804
300830
300850
300849
300857
300863
300872
300886
300888
300895
300910
300915
300919
300923
300934
300943
300946
300952
300957
300958
300963
300972
300983
300990
300991
301008
301014
301015
301020
301021
301022
301024
301025
301029
301040
301200
301900
302060
302200
302905
302950
302960
303900
304110
304340
304400
304700
304790
304800
305000
305400
305450
305600
306700
306900
306955
307030
308050
308100
308230
308350
308800
308905
309000
309120
309300
309510
309520
309583
309900
310200
310400
310500
311250
312060
312080
312700
313400
313500
313900
314390
300066
300210
300387
300438
300497
300645
300676
300867
300884
300905
300967
301006
301026
301310
303400
307800
308240
309548
310300
310600
311510
312170
312920
300000
300215
300495
300510
300514
300607
300695
300911
300928
303600
305100
306000
306400
308300
308700
309630
310440
300004
300067
300166
300263
300271
300310
300425
300523
300539
300558
300600
300636
300717
300718
300816
300831
300844
300882
300887
300894
300912
300918
300960
300968
300971
300978
300985
300986
300997
301000
301500
302045
302350
303100
303700
303800
305390
307200
308205
309500
309530
309549
309580
309590
309801
310490
310700
311200
311900
312600
314580
194070
300448
301044
301058
300909
300422
301033
300813
300291
301051
301045
301032
300622
300799
300643
301056
301031
300853
300807
301052
301039
300814
301043
314700
301041
301035
132400
165510
264350
300068
300257
300322
300367
169400
300491
300559
300623
300633
300661
300752
300803
300818
300834
300835
300842
300896
300908
300914
300953
300966
300982
300988
300998
301013
301018
301030
301050
400047
301835
204000
106190
302800
205400
271150
304100
206100
304500
272120
600195
108900
600802
601144
240800
601358
241200
307000
242150
177170
211380
277460
146800
605635
605724
311070
606703
606719
180849
607136
312300
214110
607628
312863
607941
313200
116920
609446
183600
609821
249700
250400
119600
250950
415000
612555
612702
613021
613102
613162
613204
187500
220600
253400
613870
613886
614122
614162
614196
614251
614279
155601
614429
614430
614468
155755
614602
614613
300323
300751
301010
301028
104510
301830
600794
604320
116700
221750
615113
156510
615293
615314
255120
615593
222448
616040
616056
616436
616602
616636
617251
257320
618126
618229
618371
225250
127300
102500
233910
300114
300624
300653
300802
300932
300984
400045
304020
601777
604233
608099
612431
613029
253300
253550
614325
614886
615493
615651
615670
616026
616158
616330
616564
616657
616716
125310
617105
617247
158600
617830
618010
618196
618345
618372
300106
300115
300400
300534
300615
202370
300699
300860
300868
300989
301220
400044
303350
600231
601154
601412
601472
601552
602093
602111
110800
209920
603830
243605
309585
605275
113900
605911
311360
312000
214300
182170
215140
608567
215500
314050
314250
610006
216900
610125
610205
612540
612656
613471
613796
613986
614022
614228
614432
614435
614563
614878
614892
615235
615377
615515
615542
615974
615982
616155
616287
190320
616531
190685
616854
256450
617075
617156
617239
617272
617300
617350
125850
617506
617557
617626
617643
617744
617829
617885
617917
618182
257920
128230
130720
301059
300770
300029
300455
300847
300123
300582
300854
301054
300087
600008
611876
618019
269160
618808
604091
615422
618624
618332
618596
618729
607457
603829
613347
618555
611742
619141
618961
612838
605218
610446
614337
619101
619042
619161
618653
613769
610773
619146
619145
618736
618857
610374
612237
618886
612253
618830
616806
614332
217095
263800
231900
266130
168605
137200
170390
270100
139393
239200
108500
239850
601198
601287
601707
601820
602482
177735
210710
604286
604367
604391
178600
113100
145980
147250
606056
245660
278740
607847
608033
608224
608389
183090
609307
118300
610017
610021
610024
118700
610256
610357
610687
610978
185300
611544
611638
611818
612138
252011
612526
612961
613071
613398
613443
613485
613641
613673
613697
613703
613711
613723
613735
613780
613848
613916
613960
613980
614050
614129
614131
614188
614203
614212
614306
614321
614441
188550
614616
614662
614665
614732
123320
614863
614963
164745
167320
201250
174900
109400
208150
604271
211400
245480
606721
115900
118220
613767
614165
614213
614255
614564
614669
615866
615907
616325
616329
616331
617164
225060
618364
258480
262500
262600
131950
265450
200700
139210
600791
601678
601705
241520
176200
241800
210600
245340
607625
607778
610828
613677
614350
615378
615963
616116
616166
616188
616216
616268
616651
617145
617158
617681
618006
618097
618106
618114
226670
228900
265380
167250
265800
201710
237500
173900
141500
600376
600649
175050
601631
142945
177200
112500
604169
605192
606072
606346
606408
115197
606889
607641
116200
607821
608320
608836
183086
118100
610582
610755
611093
612124
251880
612736
612955
613093
613107
613287
613291
613762
614098
614104
614558
614862
614926
615008
615072
615224
254800
615343
615360
615396
255110
615596
255200
615709
615966
616095
616172
616192
616270
616339
616437
616487
616509
616559
616580
616617
616638
616687
616894
617068
617070
617080
617093
617100
617106
617118
617166
256730
617217
617238
617301
617349
617432
617672
617713
617898
618060
618098
618223
618245
618275
618285
618286
618435
618462
618479
618480
618497
226960
260370
162500
163000
261550
130650
228980
613566
111150
609622
613630
613972
619097
618908
618523
606392
277950
618823
618822
607482
618806
619081
619083
619080
613463
613642
609016
618840
249210
613076
618856
610504
610896
605115
603688
613954
618587
610762
612968
618018
613094
612400
615298
619007
619082
613223
612899
618862
615280
610069
612522
610379
619196
619147
619103
606685
245050
608569
607339
613784
609338
615961
611960
613456
262700
231300
134600
233600
266500
266510
234580
169100
268310
137750
137760
137940
138000
600132
600142
175200
601216
274400
602588
209500
243300
603909
604218
276820
277180
211900
113650
146550
605373
245000
605726
180550
606595
180750
180920
607078
214100
607330
607364
181450
607541
247100
607596
607682
607823
215100
116800
608471
608565
608634
248200
608890
609322
609975
216820
151600
610678
610954
611038
119900
611543
251750
153600
186550
153800
121201
612936
613090
613266
613330
121820
121900
122200
613855
614163
614222
614278
614373
188400
614420
614474
614491
614507
254110
614675
614743
614819
614859
105250
107480
600882
275355
113000
608728
609195
612780
613843
616286
616669
617115
617228
617644
618027
618267
164300
164400
166780
233400
203655
105830
140600
600001
601539
277440
277590
212065
606003
180500
607432
182230
118400
119800
611584
121200
122100
614475
614608
123100
614887
614891
614893
615368
615841
616039
223100
616326
616632
158000
616788
617008
158350
617260
617514
617755
618252
618264
618307
618374
618459
225300
618535
231530
137600
170650
600348
600740
600987
601360
142900
601718
602082
211600
212093
605309
245010
147480
606482
606593
147891
147920
607271
608688
609136
609220
118450
610629
610878
610921
153400
120970
612718
154020
613267
613705
613720
122600
614879
614883
614885
615156
615244
254900
615369
615537
615683
615807
615830
615861
615925
615988
616204
616277
616346
616355
616410
616414
124900
616733
616779
617035
617061
617073
617111
617276
617308
617323
617333
617475
617654
617682
617746
617751
617763
617809
617816
224690
617985
618014
126600
618168
618186
618187
618205
618222
618224
618235
618253
618357
618362
192430
618522
160150
127550
259100
161400
226990
227300
162091
261515
228930
618388
619142
610359
604116
608470
607447
606394
613101
613028
618779
617315
614160
614849
611724
618825
612560
617992
618723
604536
618859
619062
618939
618820
618987
608203
618986
618577
613086
619046
609753
612260
615590
610149
613829
179620
609057
613827
618885
618699
614493
618951
606657
613435
614383
133200
264800
232240
135500
103285
268210
236270
106260
270400
107250
239000
600121
108720
108721
600858
601369
601390
601543
273900
601847
602032
241850
602459
275200
275400
242860
603387
603543
603546
603629
177850
604352
604484
604805
146520
212066
212140
605479
245800
606324
246300
181030
607259
607829
215470
609040
609441
609637
609813
609981
610090
184460
610623
611391
251290
185800
612020
612164
219090
612394
612438
186570
612621
612644
613080
613091
613325
613390
613391
613684
613759
613795
613854
614039
614105
614224
614256
614327
614411
614433
614473
254130
614714
614842
614857
232220
142946
604292
609161
611490
251260
613589
613800
253601
614882
615879
616415
616433
616622
616969
617162
617360
617756
618300
193230
166600
143860
179300
212070
605289
605472
608594
609152
611302
611377
252010
613327
253310
613805
614257
614607
614609
614823
615269
615344
615513
615592
615658
615871
616080
616393
616534
616818
616835
616849
617126
617547
617564
257300
617921
618000
618005
618094
161200
194200
168000
270300
600116
600118
600316
600638
208530
602078
602271
176430
603034
112310
604187
604278
277300
606768
607721
217300
611597
611603
611816
611884
611890
186500
612847
613002
613611
614186
614431
614496
614870
614871
614876
614877
615281
615342
615411
615414
615441
615505
615598
615665
615828
222765
616151
616212
223000
616409
256020
157800
616689
256300
616863
616873
616938
617137
617159
617171
617235
617370
617391
617396
617439
617576
617577
617663
617810
617839
617879
617915
617954
618120
618124
618140
618158
618204
618228
618261
618270
618283
618292
618392
618393
618430
618454
618482
618492
618541
193235
128101
259710
129400
261100
261740
618604
618828
618829
619150
618770
619167
618333
618849
612775
619173
613751
618787
618724
613399
618793
619013
612229
606581
614291
614082
618658
618884
618778
618907
608556
615557
601744
615021
111400
618748
618149
613436
610508
619095
619094
608644
611783
618792
603373
614190
133020
167400
266120
266280
168300
268400
170500
105650
269700
138800
269921
204700
270685
238970
174810
600965
601071
601200
208230
601813
601884
242100
144750
603965
604348
604454
145750
276902
605362
212550
605814
605820
245600
180100
606164
278750
606854
607236
607483
607624
607626
116400
608233
149700
608615
608622
248250
608768
608799
608840
215700
150250
609006
609180
609313
249270
609796
610217
610536
610708
610947
611040
611812
611820
612073
612301
612539
612561
252160
612954
219750
612975
612997
219800
613108
613154
613385
613494
613507
613830
613881
614008
614018
614261
614328
614458
614482
201000
176500
606232
612949
615284
615346
157170
615981
615983
616724
256600
617243
617442
617609
617933
618087
618247
618440
161050
230740
205100
272460
601098
602080
607225
608390
117300
150400
612067
219900
613309
615362
124000
615760
615909
222700
615924
616535
617063
617409
617596
191830
618147
618230
618246
618295
618313
618425
618477
259770
234200
138900
270800
600101
601316
601382
143095
208920
602522
602771
144650
243000
603471
243060
603896
604416
606353
607634
607636
608323
608653
611174
218600
612563
252150
612953
613308
613345
613668
613693
613812
613950
614198
614296
614388
614499
614897
614900
614920
156240
615042
615119
615219
615270
615501
222300
615518
615565
615885
615945
616067
616079
616098
616193
616199
616532
616562
616795
616882
616901
616911
617049
158330
223900
617201
617297
617343
617412
617519
617527
617575
617694
257270
617875
224750
618008
618065
618108
224900
618232
618243
618272
618384
257980
258150
226980
227240
162100
129490
260600
262000
618733
618852
137245
619133
613216
619004
619005
618838
619048
603358
610187
618883
612551
618955
614490
603769
619064
611493
607864
618009
619065
619003
619170
613013
619122
618534
618973
613078
608415
612630
615752
614053
619112
606574
606243
609549
619149
619130
180295
618786
614079
614382
618632
614180
263200
230800
165300
133700
232600
134610
265900
233690
233700
135700
103050
237300
237310
271900
239510
206920
600462
600850
600974
208540
274500
602390
602400
602433
602473
177820
604387
244450
605282
605711
114290
606002
606612
606664
606766
606893
148200
607155
607200
148820
607850
608013
608104
608236
215300
182600
608673
248360
117550
609070
248800
248900
249100
609820
610478
610743
611090
251120
120100
611819
612313
612337
153670
612437
612998
613153
613313
613353
613686
613704
613710
253280
613849
614083
614377
614378
122880
614415
614501
614700
614701
614800
614858
614940
614941
614959
267010
204650
602398
242900
604804
608340
609260
222600
615994
616115
616340
256050
616645
224230
617787
618499
226200
260800
230900
231000
233710
104500
239500
601776
601780
607101
607115
214800
609060
612999
613120
613161
613464
613987
614073
614678
614974
615005
615225
615267
615413
615905
616682
256550
617044
617107
617237
617388
617468
617772
617836
617874
191900
618325
618398
618512
225750
193500
231005
133701
232300
204300
204500
600138
600363
207750
600972
207800
207900
601152
601238
601596
603720
276901
605822
605909
606705
606713
213700
607196
214400
607706
608612
609227
609270
249500
610448
610725
611376
120433
251850
612885
612952
613087
613151
613157
613506
613708
613861
613981
614376
614838
614929
615006
615155
615266
615528
615723
615770
615777
615848
615896
615985
616050
616307
616483
616568
616685
616749
616871
617087
617101
617119
617123
256731
617214
617241
617248
617282
158590
617441
191480
617796
617825
617927
618050
618092
618113
618164
618188
618201
618280
192315
618397
618484
258501
258660
226900
194300
228600
229100
229300
610297
613646
613956
613702
618890
618709
618803
606579
603649
618970
615311
618972
613612
617966
606856
608068
619072
610551
612278
618950
618845
615371
618725
618079
619099
619086
608380
613410
613809
618550
618625
262890
263400
166760
265100
234000
202010
103900
268130
235550
269920
172870
600105
272430
600512
600652
208250
274150
601954
602342
210370
604326
604369
604377
604393
244400
605428
212780
606053
606693
606744
607313
607594
607812
608022
608051
214950
182920
608908
609200
609528
610181
184260
610246
610455
610532
610618
611087
611131
250850
611307
251255
219100
612643
612645
613235
220120
613587
613835
613912
122470
613990
614063
614202
614292
614305
614307
614324
614340
614402
614464
614652
614691
614831
614833
614844
614851
614945
614976
221770
230200
263520
133780
206800
607487
610153
613319
614837
614872
615092
615575
615877
615946
616059
616263
616511
616631
616683
616732
616858
617066
617133
617225
617660
617731
618067
259900
130070
166260
200600
105150
270550
600081
208085
176400
603147
608895
610042
610915
612562
187900
614226
615248
615282
615300
615502
615550
615552
615789
616198
616260
616368
617173
617892
618022
618076
618141
618148
618170
618324
618367
618460
225410
260565
129500
260660
169600
268100
268305
268900
271510
144755
277700
212350
116860
608553
182601
608641
609056
610381
610798
610840
612095
612310
612350
252930
613502
614115
614171
614369
614487
614618
614809
614873
614881
615032
615482
615530
255100
615548
615551
615597
615812
616029
616083
616304
190350
190351
616353
616371
616435
616459
616479
616544
616721
616812
616833
616866
616921
616944
616981
617004
617013
617021
617053
617082
617132
617182
617194
617234
617290
224100
617336
617389
617516
617571
617584
617595
617598
617635
617667
617691
617718
617730
617752
617769
617807
617827
617831
617862
617899
617920
617925
617926
618021
618031
618298
618310
618456
618464
159900
258315
127700
259700
260000
618590
611498
619127
607473
618826
608584
618612
619102
613757
613348
610832
618761
619215
619223
618622
619041
615602
610599
618922
618580
618549
619040
608649
607832
245590
618985
102578
611953
612657
603786
609265
614385
613119
611064
619011
612572
612100
618977
614434
610997
262300
263650
165500
264300
231550
200500
233420
168400
201300
201400
203300
105500
269400
236700
236800
138500
237450
270960
238700
600110
600175
600224
174500
240500
600995
601067
601455
110100
602081
602083
602092
143400
274600
143870
242600
210000
210250
603513
603552
210900
604250
113500
605231
605258
605376
605589
606069
606071
213000
115080
607346
181405
214350
607831
608097
608456
608627
608716
608800
182980
608996
609153
150550
609439
609533
609597
184095
610131
610419
610442
610475
610682
612069
612075
186200
612290
612529
154400
613341
252900
613376
613402
613451
613640
613826
613860
613873
613953
614152
122860
614492
123000
188740
614937
614980
102200
142690
251280
613177
613670
614249
614322
614895
615040
615373
125250
617011
617054
617090
617207
617213
617540
618443
162400
165720
235555
269500
270420
600373
605041
606220
606438
148300
118600
610370
217800
253250
614201
615207
615271
156530
615386
615468
615506
615599
615767
615863
616267
616707
617524
617661
617665
618145
618198
618220
618500
225500
128100
132700
133190
135750
268200
601072
601606
274000
241410
603278
275630
603585
604168
276904
244460
605019
606835
608027
608681
608907
184252
610505
218000
612287
613077
252650
613791
613804
613838
613862
613865
614035
614204
614437
614457
614497
614748
614869
614880
615287
615401
615402
615440
615471
615529
615547
615553
615583
615673
615721
615888
616171
616202
616211
616341
616345
616351
616399
616413
616439
616517
616589
616726
616739
616803
256500
616975
191100
617114
617193
256850
617364
617383
617450
617585
617710
617895
617900
617956
617976
618109
618154
618161
618173
618381
618394
618528
193100
193530
160900
260300
163800
614371
607277
611283
617994
619194
618752
613393
619157
609529
618608
618672
619033
614868
619030
619132
614195
618707
618940
618879
618193
618947
604906
614416
613123
614595
602722
616896
601283
605352
619124
614731
617993
605392
607080
613508
612556
111600
608194
618666
611465
612444
609628
619155
614680
618914
619009
230350
230400
230450
263700
165550
264080
264600
101000
135150
266265
266900
201470
136120
136760
235730
203100
204200
106100
271245
173200
173600
271930
272300
600059
600092
600971
601414
601815
602014
602450
602723
603736
243500
604004
243800
604379
604559
244200
245200
180104
606217
245900
147750
606545
606966
606996
607039
607250
607323
214500
182250
608540
248300
608782
609069
609115
609286
117800
609452
609583
118210
610282
610283
610333
610738
119500
185070
611209
611369
218330
251200
120200
186580
612783
612937
154500
220150
613489
613722
613730
613744
614067
614076
614462
614495
614582
200150
201100
201450
272800
601493
603813
607143
610212
184450
119300
611719
612387
614072
614080
614899
615206
615268
125400
617425
617638
617698
617768
617800
617913
617960
618276
136520
136680
203800
106210
210720
277900
606170
608776
608779
608864
610628
610759
612016
612076
120790
614576
615065
615444
615605
615935
616042
616217
616362
256100
616549
616629
616734
616949
617116
125630
617284
617320
617384
617395
617561
617601
617639
617903
617904
617931
618531
226400
259450
227220
227650
263210
268800
236250
109150
240300
208050
601492
601800
275900
178300
211750
212050
605850
115300
148190
280000
610019
610253
610968
120430
613180
613581
613803
614066
614594
614979
615041
254600
615222
615328
615516
615527
615539
615768
615834
615846
615881
615926
124480
616081
616138
616152
616230
616294
616400
616452
616455
616777
256370
256520
617050
617141
256700
617188
617321
617394
617397
617403
617532
617560
617599
617606
617629
617707
617757
617961
618004
618012
618091
618093
618117
618150
618234
618257
618346
618347
618438
618501
160565
259050
194080
618548
618882
618848
618231
612292
609054
618992
618827
611363
606077
618847
618868
618719
618824
607676
618567
606952
611182
614070
608978
604229
618659
612245
612251
618851
618971
619172
164500
263570
231070
231670
231690
166700
232500
200110
202200
236670
171200
173650
206500
600143
600151
600977
600994
601110
601277
601583
175800
601869
208900
602531
242500
210200
145000
603776
604213
604563
277470
277600
605583
605670
245450
278300
606943
607084
607317
607417
607616
607631
607903
607906
608393
608629
248340
608804
609033
609254
609304
609308
609621
609698
216550
610003
610198
610204
217080
610313
118800
610498
250100
610717
610852
251000
251100
611588
611615
120435
612289
612291
612370
612389
153700
612712
612714
219500
612840
252500
613150
613152
613156
252940
613676
253260
613882
614074
253700
614225
253800
614485
614707
614736
614751
614850
203750
600721
245349
278150
212720
610250
611383
219000
253270
614075
615026
123570
615327
615630
615878
616228
616728
616730
616827
617302
617319
617523
617988
166300
266150
234500
603284
145001
245348
246700
182290
613155
613406
614651
615009
615112
615872
615922
615979
616201
616282
616394
616418
616719
616811
125370
617026
617027
617041
617143
617466
617799
618089
618183
618348
618349
618356
618373
618453
618496
127500
259720
227260
102700
234050
234810
202110
203500
272200
209885
210210
604273
604321
605389
607060
607326
607398
607554
607765
182410
608808
248450
610356
610427
611431
251110
612390
252600
252605
613158
613195
613206
220111
613480
220400
613736
614114
615081
615190
254770
254780
615458
615481
615616
615685
615688
615731
615803
615984
615986
616108
616373
223360
616789
616834
616840
616939
223800
617056
617175
617186
617275
617330
158580
224120
617404
617408
617565
257200
617666
257220
617709
617767
617977
617984
618078
618177
618178
618179
618379
618395
618431
192500
618494
225753
193220
260400
608266
619201
613003
612261
605606
618811
607921
612900
618644
613625
605990
611809
613194
611942
618768
614745
616395
600320
613575
618876
618797
608898
608980
111620
111750
612318
619131
619079
607514
603285
618969
619209
619208
619096
100300
264470
133540
167030
232800
266200
102900
201475
268300
235800
140350
271980
239300
600145
600795
601186
241530
602099
602152
243150
210750
605387
147630
278800
214150
608443
248190
608647
248390
248500
216100
249000
609460
216360
216400
609646
609823
610188
610189
610220
610244
610265
610293
610329
610644
610688
217700
250620
611105
611134
611390
611548
611560
611561
251270
612281
612460
612577
580000
612938
219730
613075
613229
121850
613658
613674
613955
188000
614019
614020
614077
614229
614231
614262
221200
614417
614436
264700
270200
605013
607361
254300
614932
614934
615030
615290
615399
615989
616402
616460
616546
616566
616722
616809
617028
617507
617690
618086
618090
618131
618167
231090
269250
206200
113750
607426
610992
611091
612691
612782
613070
615185
615273
615355
615625
615883
616025
616265
616298
616335
616430
616445
616491
616553
616736
616946
617022
617303
617392
617393
617574
617788
618115
618331
618416
618418
261000
261540
232400
102530
236500
236680
236792
238600
205950
600630
273750
176000
602629
144250
603563
604360
276710
146500
212840
608118
608423
248510
216340
610199
217400
610768
611228
611762
252920
220210
613550
613561
613573
613660
614017
614173
614409
614418
614621
614898
615034
615095
221900
615145
615181
615234
615285
615398
615415
615632
615643
615887
615895
615987
615990
615991
616038
222900
616185
616219
616220
616224
616269
616299
616449
616490
616494
616505
616668
616756
616859
616860
616887
616890
616910
616922
617025
617091
617121
617157
617205
617222
617223
256840
617304
617607
617729
617760
617771
617808
617929
618096
618103
618143
618144
618189
618233
618249
618266
618291
225100
618358
225200
225790
618846
609404
613761
618998
607464
618620
609923
618075
609887
619183
618960
613824
604232
618974
611868
619177
618643
613551
618641
611755
618687
618751
613268
610227
618651
618389
608812
618801
618074
611081
618948
619113
618741
230600
230650
265050
135290
135400
200990
136630
107600
600775
175100
142669
241080
602541
602772
602782
177000
210100
603511
603516
604432
604537
604777
604928
277380
277410
148050
607131
607453
607836
248000
608572
609053
609311
609541
611067
611225
611451
611497
251230
612015
612018
612079
612304
612319
251950
612541
121050
612671
612713
252270
613280
253000
253010
253200
253220
613819
613925
613926
188055
614052
614302
614399
614756
614822
229700
269150
601410
245400
117210
611263
612284
612379
612921
613820
615071
615159
615217
616258
616279
616954
617604
617952
617974
618107
618195
618273
618363
618429
228960
229050
230000
231050
231950
136140
604400
278250
246650
611126
612285
219200
612943
613192
614096
614389
615237
615376
615419
615504
615546
615636
615716
615802
615860
615937
616118
616266
616814
616947
617020
617055
617108
617294
617600
617822
617914
617924
618236
618237
618378
618437
259730
230500
236600
204690
270700
274800
176860
243400
243700
211180
146750
278700
610443
610951
611523
611726
612651
613074
121800
613887
614120
614175
614293
614455
614673
614946
614947
156200
615024
615238
615395
255125
615663
615681
615735
615833
615873
615889
615934
615957
616006
616053
616063
616078
616113
616170
616503
616515
616539
616763
616794
616801
616843
616950
617030
617046
617142
617169
617180
617183
617452
617605
617613
617664
617773
617872
617912
617950
618061
126550
618088
618116
618238
618239
618248
159550
618302
618386
618415
618422
618449
618457
618470
618505
618527
259775
194380
227400
162350
261600
229200
130900
613237
618832
619056
619000
615135
619178
615066
611291
613778
618872
618571
618572
618702
609148
619182
611777
619216
618618
618952
619025
618958
619111
607688
618635
618677
612042
615107
612267
618663
618810
618855
618913
618468
616087
612518
612650
131100
229600
232700
267000
201910
235510
236730
139090
270750
108145
600901
601321
208400
143100
176100
274900
603592
145410
604173
604317
276700
211500
605021
277480
212138
114300
246450
213980
181600
247420
182280
182900
248700
609273
610156
217000
217085
610805
218030
611862
251450
611943
121300
612951
613112
613159
613193
613211
613285
613307
613310
613554
613559
613647
613672
220500
613717
613718
613823
613885
613908
613951
613958
613983
614091
614205
614303
614617
614815
614817
614861
614969
170100
236000
274270
603194
610185
613172
613239
613610
615028
615127
615356
615633
615705
615710
615917
616030
616248
616500
616672
616817
618048
258870
227500
262850
232200
236200
275120
276880
278000
249420
250790
612989
613517
613671
613845
613988
614069
614852
614924
615157
615338
615918
615995
616007
616044
616300
616828
616920
617146
617435
617662
617669
617784
618240
618241
162210
261670
229800
136000
201810
203740
600251
272750
600920
601650
601952
110700
275350
145420
276600
211530
605039
180200
278720
213200
213300
181270
608091
608105
151050
610031
250800
612199
612674
613079
613115
613122
613404
613418
613608
613617
613661
613728
613811
613876
613943
614078
614099
614153
614167
614170
614209
614299
614654
615035
615374
615490
615595
615947
222748
615992
615993
222800
616084
616117
616227
616239
616276
616502
616521
616577
616654
616831
190900
616897
616959
256540
617120
617125
617187
617190
617341
617719
617761
617866
617871
617964
617967
617991
617996
618003
618013
618180
618242
618402
618434
618504
618529
159950
258860
258900
193400
193520
129200
227600
227645
227646
162200
228000
130080
261630
261640
261650
261680
612649
618892
618889
111200
619126
619166
619031
619036
619052
618613
618594
618795
613428
619164
613615
618798
613616
606068
614193
612635
618878
613656
607151
613808
613807
619189
111000
110900
603467
111250
618695
618821
264090
204750
271640
272440
174300
602066
602361
603457
603671
604364
606763
180860
148500
607694
608984
609340
610100
218340
251300
613320
614207
614219
614298
614424
614465
614498
614557
614565
614615
614640
614643
614672
614702
614727
614728
614739
614749
614845
614935
614944
105550
602557
242840
251900
614650
614741
614832
614922
615023
615031
615330
615349
615434
615457
615476
615544
615578
615631
222470
615959
615972
616034
616052
616271
616370
616892
616974
617023
617765
618153
618244
618250
618251
618321
618420
135900
148600
609218
614830
615025
615033
615058
615085
615179
615294
615352
254940
615432
615503
615703
615704
615724
615824
615829
615838
615851
615859
615942
616094
616099
616106
616127
616145
616200
616209
255995
616481
616501
616681
616867
617406
617637
617743
617770
617965
618135
618162
618387
618493
127000
266920
601331
277170
605751
607454
607539
607842
609129
609432
610967
612841
613680
614381
614500
614614
614679
614779
614807
614813
614874
614970
615043
615048
615067
615074
615082
615084
615249
615264
615286
615297
615350
615351
615382
615397
615420
615429
615451
615485
615500
615510
615523
615540
615541
615573
615637
615696
615715
615725
615761
615763
615780
615817
615837
615842
615862
615911
615948
615954
615973
615996
616022
616032
616033
616037
616111
616154
616165
616229
616354
616364
616451
616486
616708
616881
616903
616913
616948
617072
617086
617099
617232
617270
617296
617562
617563
617732
617781
617783
617865
617916
617983
618011
618015
618056
618221
618404
618410
618419
618481
128200
226750
194071
260005
614265
618664
614400
616893
619053
615011
619054
619184
618916
619063
619055
619058
614923
619057
158901
618906
603383
618683
609465
619076
618875
615348
619024
618804
618606
619093
618805
619061
618432
619188
618646
236690
600790
273250
208100
605429
147430
250410
122000
614021
614561
616420
616462
616688
616710
616878
616900
617092
617337
617675
617706
617762
618052
618268
618316
618317
618341
618342
618383
618513
616469
616816
617052
617065
617102
617236
617255
617405
617433
617592
617593
617616
617622
617668
617671
617804
617928
618063
618110
618112
618329
618351
618369
618433
618498
261990
164310
136550
601068
212500
607876
616398
616468
616488
616579
616640
616723
616760
616780
616781
616784
616819
616829
616851
616875
616917
617039
617051
617088
617127
617253
617258
617268
617271
617281
617478
617481
617520
617610
617642
617695
617805
617873
617941
617959
617982
618084
618142
618152
618160
618219
618254
618278
618282
618360
619028
618766
618674
618841
618863
618870
619090
618730
618734
618853
618835
618839
619203
619202
618619
618731
619110
619234
619012
609913
619185
619221
618737
618569
111740
111300
603472
618866
618077
619227
618312
618935
618763
619176
618776
618680
618667
618652
618665
618637
618662
618670
618688
618718
618745
618781
618800
618873
618910
619123
619135
619044
619174
619026
619027
619108
619144
619125
619191]